1. Addition table :

0  1  2  3  4  5  6  7  8  9  10 11 12 13 14 15 
1  0  3  2  5  4  7  6  9  8  11 10 13 12 15 14
2  3  0  1  6  7  4  5  10 11 8  9  14 15 12 13
3  2  1  0  7  6  5  4  11 10 9  8  15 14 13 12
4  5  6  7  0  1  2  3  12 13 14 15 8  9  10 11
5  4  7  6  1  0  3  2  13 12 15 14 9  8  11 10
6  7  4  5  2  3  0  1  14 15 12 13 10 11 8  9
7  6  5  4  3  2  1  0  15 14 13 12 11 10 9  8
8  9  10 11 12 13 14 15 0  1  2  3  4  5  6  7
9  8  11 10 13 12 15 14 1  0  3  2  5  4  7  6
10 11 8  9  14 15 12 13 2  3  0  1  6  7  4  5
11 10 9  8  15 14 13 12 3  2  1  0  7  6  5  4
12 13 14 15 8  9  10 11 4  5  6  7  0  1  2  3
13 12 15 14 9  8  11 10 5  4  7  6  1  0  3  2
14 15 12 13 10 11 8  9  6  7  4  5  2  3  0  1
15 14 13 12 11 10 9  8  7  6  5  4  3  2  1  0


2. Multiplication table :

1  2  3  4  5  6  7  8  9  10 11 12 13 14 15
2  4  6  8  10 12 14 9  11 13 15 1  3  5  7
3  6  5  12 15 10 9  1  2  7  4  13 14 11 8
4  8  12 9  13 1  5  11 15 3  7  2  6  10 14
5  10 15 13 8  7  2  3  6  9  12 14 11 4  1
6  12 10 1  7  13 11 11 13 7  1  10 12 6  0
7  14 9  5  2  11 12 3  4  13 10 6  1  8  15
8  9  1  11 3  2  10 15 7  6  14 4  12 13 5
9  11 2  15 6  4  13 7  14 12 5  8  1  3  10
10 13 7  3  9  14 4  15 5  2  8  12 6  1  11
11 15 4  7  12 8  3  7  12 8  3  0  11 15 4
12 1  13 11 7  10 6  15 3  14 2  4  8  5  9
13 3  14 15 2  12 1  7  10 4  9  8  5  11 6
14 5  11 3  13 6  8  15 1  10 4  12 2  9  7
15 7  8  7  8  0  15 7  8  0  15 0  15 7  8